$ANSIBLE_VAULT;1.1;AES256
39383665393034386265393836643033313733653633616533656436663231386535346436666432
3262383636386136386631613639373838626133366133320a643531363435623364663530616366
64306366636539346331623633663235386666613962636137623532633435326439656364366433
3632626539353766390a343230393665633134383239613237386632663664356230613435336434
61383136373834383665626664356663333937306135643565343263363666303635653066626636
38636632356664393735646263646664353566633238333062373563383963653737333036356430
37346535363432613162356539306232353030343639356432636436663534316665343032393861
64386432306638356665383637303862306163636663323635303533653636303364643039663735
38626263333963623636626531623339633335663332366333326364363331353439313634353562
31616462653364386665313837656531613265373136306563316432616236363830366665633333
31626137376235323138303966656438626565623331383732646133356563393230643765313033
34313530613362656166383063376364653737663433316166653134646461613261316633383631
34333365366339626263623332623133646431303533633965623636663665356563356435616530
30626637333139636535393037356331353836643737633334613530643064303964613965346264
65313865363939613530613230656239633136393532333662386364383938306163303463303933
36353733386437643339
