$ANSIBLE_VAULT;1.1;AES256
35353563663362663535313163396664663561643638666464623134373032613364333635366134
3437333731383236373231616666626138656162373536320a323730313764613464383533343561
35653864303538343536386430303338663633323964623162383638666634383130613438313639
3832356539313239300a626139316337636339636335303239393739343033376331353361633539
36393434643264653763326563363331363031643466323435613364633433636535653834346462
39643666336563613832326666383533623265623335633139366363306531653066626464353631
65356365646163306332396338353361646136363035376235353461626135326539373964386433
32336565646237313463376162396563656361323562656637636237633761623536336538613136
39643838636635326333353464666532623730303664316231353236313634323063316638343161
37613464663636616337336630633966653661613565366130656163646237386565656133383136
63666163636631313266656131623732386265666334623634616232353164643430636436653161
63313037646564666137636663303434396339393231643130303736373865633162313337366130
36326436336532613732373238613831663033623735346134613036636664373937346531333030
33356332636434333064303731313736623339333863363561303439313461363230333639333066
35346339333136646531646662316565303264356465386231386161613034663265303933373263
32653339333638333839326134386538386335663332313533306430636163313837383830326134
31336666643865663236666139663361663737323062353334396139343863323735346138353865
65333932306532656236303265343130623232653564656436636435663336316235336436636534
30666431623631653837353961666238666134646130373230336634393931333437313439653735
34353564303462313932383231376262666537633664363365363034623230653865303165306331
39633833633061653537363665663732643163663763343365633836663731646638383231666666
61343338376463363366646136636232383039303633393862396234386361613765383637666530
66373735313436613662343033346164653066353130363665306534636666663233303961626466
64303335366664356466353636633439656264333064323938376561633238303032633662313935
66613734646365316237313437373961616462343731373766626534363938646533
